3913
3913
3913
3913
3913
3913
3913
3913
3913
3914
3914
3914
3914
3914
3914
3914
3914
3914
3914
3914
3914
3914
3914
3914
3914
3914
3914
3914
3914
3914
3914
3914
3914
3914
3914
3914
3914
3914
3914
3915
3915
3915
3915
3915
3915
3915
3915
3915
3915
3915
3915
3915
3915
3915
3915
3915
3915
3915
3915
3915
3915
3915
3915
3915
3915
3915
3915
3915
3916
3916
3916
3916
3916
3916
3916
3916
3916
3916
3916
3916
3916
3916
3916
3916
3916
3916
3916
3916
3916
3916
3916
3916
3916
3916
3916
3916
3916
3917
3917
3917
3917
3917
3917
3917
3917
3917
3917
3917
3917
3917
3917
3917
3917
3917
3917
3917
3917
3917
3917
3917
3917
3917
3917
3917
3917
3917
3917
3918
3918
3918
3918
3918
3918
3918
3918
3918
3918
3918
3918
3918
3918
3918
3918
3918
3918
3918
3918
3918
3918
3918
3918
3918
3918
3918
3918
3918
3919
3919
3919
3919
3919
3919
3919
3919
3919
3919
3919
3919
3919
3919
3919
3919
3919
3919
3919
3919
3919
3919
3919
3919
3919
3919
3919
3919
3919
3920
3920
3920
3920
3920
3920
3920
3920
3920
3920
3920
3920
3920
3920
3920
3920
3920
3920
3920
3920
3920
3920
3920
3920
3920
3920
3920
3920
3920
3920
3921
3921
3921
3921
3921
3921
3921
3921
3921
3921
3921
3921
3921
3921
3921
3921
3921
3921
3921
3921
3921
3921
3921
3921
3921
3921
3921
3921
3921
3922
3922
3922
3922
3922
3922
3922
3922
3922
3922
3922
3922
3922
3922
3922
3922
3922
3922
3922
3922
3922
3922
3922
3922
3922
3922
3922
3922
3922
3923
3923
3923
3923
3923
3923
3923
3923
3923
3923
3923
3923
3923
3923
3923
3923
3923
3923
3923
3923
3923
3923
3923
3923
3923
3923
3923
3923
3923
3923
3924
3924
3924
3924
3924
3924
3924
3924
3924
3924
3924
3924
3924
3924
3924
3924
3924
3924
3924
3924
3924
3924
3924
3924
3924
3924
3924
3924
3924
3925
3925
3925
3925
3925
3925
3925
3925
3925
3925
3925
3925
3925
3925
3925
3925
3925
3925
3925
3925
3925
3925
3925
3925
3925
3925
3925
3925
3925
3926
3926
3926
3926
3926
3926
3926
3926
3926
3926
3926
3926
3926
3926
3926
3926
3926
3926
3926
3926
3926
3926
3926
3926
3926
3926
3926
3926
3926
3926
3927
3927
3927
3927
3927
3927
3927
3927
3927
3927
3927
3927
3927
3927
3927
3927
3927
3927
3927
3927
3927
3927
3927
3927
3927
3927
3927
3927
3927
3928
3928
3928
3928
3928
3928
3928
3928
3928
3928
3928
3928
3928
3928
3928
3928
3928
3928
3928
3928
3928
3928
3928
3928
3928
3928
3928
3928
3928
3929
3929
3929
3929
3929
3929
3929
3929
3929
3929
3929
3929
3929
3929
3929
3929
3929
3929
3929
3929
3929
3929
3929
3929
3929
3929
3929
3929
3929
3930
3930
3930
3930
3930
3930
3930
3930
3930
3930
3930
3930
3930
3930
3930
3930
3930
3930
3930
3930
3930
3930
3930
3930
3930
3930
3930
3930
3930
3930
3931
3931
3931
3931
3931
3931
3931
3931
3931
3931
3931
3931
3931
3931
3931
3931
3931
3931
3931
3931
3931
3931
3931
3931
3931
3931
3931
3931
3931
3932
3932
3932
3932
3932
3932
3932
3932
3932
3932
3932
3932
3932
3932
3932
3932
3932
3932
3932
3932
3932
3932
3932
3932
3932
3932
3932
3932
3932
3933
3933
3933
3933
3933
3933
3933
3933
3933
3933
3933
3933
3933
3933
3933
3933
3933
3933
3933
3933
3933
3933
3933
3933
3933
3933
3933
3933
3933
3934
3934
3934
3934
3934
3934
3934
3934
3934
3934
3934
3934
3934
3934
3934
3934
3934
3934
3934
3934
3934
3934
3934
3934
3934
3934
3934
3934
3934
3934
3935
3935
3935
3935
3935
3935
3935
3935
3935
3935
3935
3935
3935
3935
3935
3935
3935
3935
3935
3935
3935
3935
3935
3935
3935
3935
3935
3935
3935
3936
3936
3936
3936
3936
3936
3936
3936
3936
3936
3936
3936
3936
3936
3936
3936
3936
3936
3936
3936
3936
3936
3936
3936
3936
3936
3936
3936
3936
3937
3937
3937
3937
3937
3937
3937
3937
3937
3937
3937
3937
3937
3937
3937
3937
3937
3937
3937
3937
3937
3937
3937
3937
3937
3937
3937
3937
3937
3938
3938
3938
3938
3938
3938
3938
3938
3938
3938
3938
3938
3938
3938
3938
3938
3938
3938
3938
3938
3938
3938
3938
3938
3938
3938
3938
3938
3938
3938
3939
3939
3939
3939
3939
3939
3939
3939
3939
3939
3939
3939
3939
3939
3939
3939
3939
3939
3939
3939
3939
3939
3939
3939
3939
3939
3939
3939
3939
3940
3940
3940
3940
3940
3940
3940
3940
3940
3940
3940
3940
3940
3940
3940
3940
3940
3940
3940
3940
3940
3940
3940
3940
3940
3940
3940
3940
3940
3941
3941
3941
3941
3941
3941
3941
3941
3941
3941
3941
3941
3941
3941
3941
3941
3941
3941
3941
3941
3941
3941
3941
3941
3941
3941
3941
3941
3941
3942
3942
3942
3942
3942
3942
3942
3942
3942
3942
3942
3942
3942
3942
3942
3942
3942
3942
3942
3942
3942
3942
3942
3942
3942
3942
3942
3942
3942
3943
3943
3943
3943
3943
3943
3943
3943
3943
3943
3943
3943
3943
3943
3943
3943
3943
3943
3943
3943
3943
3943
3943
3943
3943
3943
3943
3943
3943
3944
3944
3944
3944
3944
3944
3944
3944
3944
3944
3944
3944
3944
3944
3944
3944
3944
3944
3944
3944
3944
3944
3944
3944
3944
3944
3944
3944
3944
3944
3945
3945
3945
3945
3945
3945
3945
3945
3945
3945
3945
3945
3945
3945
3945
3945
3945
3945
3945
3945
3945
3945
3945
3945
3945
3945
3945
3945
3945
3946
3946
3946
3946
3946
3946
3946
3946
3946
3946
3946
3946
3946
3946
3946
3946
3946
3946
3946
3946
3946
3946
3946
3946
3946
3946
3946
3946
3946
3947
3947
3947
3947
3947
3947
3947
3947
3947
3947
3947
3947
3947
3947
3947
3947
3947
3947
3947
3947
3947
3947
3947
3947
3947
3947
3947
3947
3947
3948
3948
3948
3948
3948
3948
3948
3948
3948
3948
3948
3948
3948
3948
3948
3948
3948
3948
3948
3948
3948
3948
3948
3948
3948
3948
3948
3948
3948
3949
3949
3949
3949
3949
3949
3949
3949
3949
3949
3949
3949
3949
3949
3949
3949
3949
3949
3949
3949
3949
3949
3949
3949
3949
3949
3949
3949
3949
3950
3950
3950
3950
3950
3950
3950
3950
3950
3950
3950
3950
3950
3950
3950
3950
3950
3950
3950
3950
3950
3950
3950
3950
3950
3950
3950
3950
3950
3951
3951
3951
3951
3951
3951
3951
3951
3951
3951
3951
3951
3951
3951
3951
3951
3951
3951
3951
3951
3951
3951
3951
3951
3951
3951
3951
3951
3951
3952
3952
3952
3952
3952
3952
3952
3952
3952
3952
3952
3952
3952
3952
3952
3952
3952
3952
3952
3952
3952
3952
3952
3952
3952
3952
3952
3952
3952
3952
3953
3953
3953
3953
3953
3953
3953
3953
3953
3953
3953
3953
3953
3953
3953
3953
3953
3953
3953
3953
3953
